1 253
2 3628800
3 86267571272
4 253
5 87178291200
6 2584
7 2432902008176640000
1 253
2 3628800
3 86267571272
4 253
5 87178291200
6 2584
7 2432902008176640000
1 253
2 3628800
3 86267571272
4 253
5 87178291200
6 2584
7 2432902008176640000
1 253
2 3628800
3 86267571272
4 253
5 87178291200
6 2584
7 2432902008176640000
1 13
2 3628800
3 86267571272
4 253
5 87178291200
6 2584
7 2432902008176640000
1 13
2 3628800
3 10946
4 253
5 87178291200
6 2584
7 362880
8 6227020800
9 89
10 509
11 1307674368000
12 2584
13 253
14 24
15 28657
1 253
2 3628800
3 10946
4 253
5 87178291200
6 2584
7 362880
8 6227020800
9 89
10 509
11 1307674368000
12 2584
13 253
14 24
15 28657
1 253
2 362880
3 10946
4 253
5 87178291200
6 2584
7 362880
8 6227020800
9 89
10 509
11 1307674368000
12 2584
13 253
14 24
15 28657
1 253
2 362880
3 1
4 253
5 87178291200
6 2584
7 362880
8 6227020800
9 89
10 509
11 1307674368000
12 2584
13 253
14 24
15 28657
1 253
2 1
3 1
4 253
5 87178291200
6 2584
7 362880
8 6227020800
9 89
10 509
11 1307674368000
12 2584
13 253
14 24
15 28657
1 253
2 720
3 89
4 253
5 87178291200
6 34
7 362880
8 6227020800
9 144
10 509
11 1307674368000
12 1597
13 253
14 24
15 28657
1 253
2 1
3 89
4 253
5 87178291200
6 34
7 362880
8 6227020800
9 144
10 509
11 1307674368000
12 1597
13 253
14 24
15 28657
1 253
2 1
3 89
4 253
5 87178291200
6 34
7 362880
8 6227020800
9 144
10 509
11 1307674368000
12 1597
13 253
14 24
15 28657
1 253
2 720
3 267914296
4 13
5 87178291200
6 4181
7 362880
8 6227020800
9 144
10 509
11 1307674368000
12 1597
13 253
14 24
15 28657
1 253
2 3628800
3 2584
4 13
5 87178291200
6 4181
7 362880
8 6227020800
9 144
10 509
11 1307674368000
12 1597
13 253
14 24
15 28657
1 253
2 3628800
3 2584
4 13
5 87178291200
6 4181
7 362880
8 6227020800
9 144
10 509
11 1307674368000
12 1597
13 253
14 24
15 28657
1 253
2 3628800
3 2584
4 13
5 87178291200
6 4181
7 362880
8 6227020800
9 144
10 509
11 1307674368000
12 1597
13 253
14 24
15 28657
1 253
2 3628800
3 2584
4 13
5 87178291200
6 4181
7 362880
8 6227020800
9 144
10 509
11 1307674368000
12 1597
13 253
14 24
15 28657
1 253
2 3628800
3 2584
4 13
5 87178291200
6 4181
7 362880
8 6227020800
9 144
10 509
11 1307674368000
12 1597
13 253
14 24
15 28657
1 253
2 3628800
3 2584
4 13
5 87178291200
6 4181
7 362880
8 6227020800
9 144
10 509
11 1307674368000
12 1597
13 253
14 24
15 28657
1 253
2 3628800
3 2584
4 13
5 87178291200
6 4181
7 362880
8 6227020800
9 144
10 509
11 1307674368000
12 1597
13 253
14 24
15 28657
1 253
2 3628800
3 2584
4 13
5 87178291200
6 4181
7 362880
8 6227020800
9 144
10 509
11 1307674368000
12 1597
13 253
14 24
15 28657
1 253
2 3628800
3 2584
4 13
5 87178291200
6 4181
7 362880
8 6227020800
9 144
10 509
11 1307674368000
12 1597
13 253
14 24
15 28657
1 253
2 3628800
3 2584
4 13
5 87178291200
6 4181
7 362880
8 6227020800
9 144
10 509
11 1307674368000
12 1597
13 253
14 24
15 28657
1 253
2 3628800
3 2584
4 13
5 87178291200
6 4181
7 362880
8 6227020800
9 144
10 509
11 1307674368000
12 1597
13 253
14 24
15 28657
